                                 open      close       high        low  volume       sma30       sma14        sma6   macd_fast   macd_slow  macd_diff       macd
symbol datetime                                                                                                                                                 
EURJPY 2020-12-31 20:02:00  126.08900  126.10400  126.11500  126.08800     148         NaN         NaN         NaN         NaN         NaN        NaN        NaN
       2020-12-31 20:04:00  126.10400  126.11500  126.11500  126.10400      37         NaN         NaN         NaN         NaN         NaN        NaN        NaN
       2020-12-31 20:06:00  126.11500  126.13300  126.13700  126.11500      71         NaN         NaN         NaN         NaN         NaN        NaN        NaN
       2020-12-31 20:08:00  126.13300  126.13800  126.13900  126.13300      64         NaN         NaN         NaN         NaN         NaN        NaN        NaN
       2020-12-31 20:10:00  126.13900  126.14500  126.14500  126.13900      42         NaN         NaN         NaN         NaN         NaN        NaN        NaN
       2020-12-31 20:12:00  126.14500  126.14500  126.15100  126.14300      38         NaN         NaN  126.130000         NaN         NaN        NaN        NaN
       2020-12-31 20:14:00  126.14500  126.14200  126.14900  126.14100      53         NaN         NaN  126.136333         NaN         NaN        NaN        NaN
       2020-12-31 20:16:00  126.14100  126.14300  126.14400  126.13800      47         NaN         NaN  126.141000         NaN         NaN        NaN        NaN
       2020-12-31 20:18:00  126.14300  126.14400  126.15300  126.14300      69         NaN         NaN  126.142833         NaN         NaN        NaN        NaN
       2020-12-31 20:20:00  126.14400  126.14500  126.15000  126.14300      98         NaN         NaN  126.144000         NaN         NaN        NaN        NaN
       2020-12-31 20:22:00  126.14500  126.14100  126.14500  126.13300      94         NaN         NaN  126.143333         NaN         NaN        NaN        NaN
       2020-12-31 20:24:00  126.14100  126.14900  126.15500  126.13900      68         NaN         NaN  126.144000  126.141623         NaN        NaN        NaN
       2020-12-31 20:26:00  126.14800  126.14100  126.14800  126.13500      57         NaN         NaN  126.143833  126.141514         NaN        NaN        NaN
       2020-12-31 20:28:00  126.14100  126.14100  126.14600  126.13700     116         NaN  126.137571  126.143500  126.141427         NaN        NaN        NaN
       2020-12-31 20:30:00  126.14100  126.13400  126.14400  126.13400      72         NaN  126.139714  126.141833  126.140183         NaN        NaN        NaN
       2020-12-31 20:32:00  126.13300  126.12900  126.13700  126.12900      75         NaN  126.140714  126.139167  126.138335  126.138363  -0.000029        NaN
       2020-12-31 20:34:00  126.13000  126.14500  126.14500  126.13000     150         NaN  126.141571  126.139833  126.139424  126.139250   0.000174        NaN
       2020-12-31 20:36:00  126.14700  126.15800  126.15900  126.14700      95         NaN  126.143000  126.141333  126.142430  126.141715   0.000716        NaN
       2020-12-31 20:38:00  126.15800  126.16800  126.16800  126.15700     124         NaN  126.144643  126.145833  126.146536  126.145123   0.001413        NaN
       2020-12-31 20:40:00  126.16800  126.15500  126.17100  126.15500     137         NaN  126.145357  126.148167  126.147886  126.146389   0.001497        NaN
       2020-12-31 20:42:00  126.15600  126.14100  126.16100  126.14100      75         NaN  126.145286  126.149333  126.146794  126.145705   0.001088        NaN
       2020-12-31 20:44:00  126.14100  126.14700  126.14900  126.14100      50         NaN  126.145571  126.152333  126.146826  126.145868   0.000958        NaN
       2020-12-31 20:46:00  126.14700  126.14900  126.15100  126.14400      75         NaN  126.145929  126.153000  126.147168  126.146258   0.000910   0.000959
       2020-12-31 20:48:00  126.14900  126.14500  126.15100  126.14400      39         NaN  126.145929  126.150833  126.146828  126.146103   0.000726   0.000905
       2020-12-31 20:50:00  126.14500  126.14300  126.14800  126.13500     184         NaN  126.146071  126.146667  126.146230  126.145721   0.000509   0.000817
       2020-12-31 20:52:00  126.14300  126.14200  126.14900  126.12300     250         NaN  126.145571  126.144500  126.145571  126.145266   0.000305   0.000705
       2020-12-31 20:54:00  126.14200  126.13000  126.14500  126.12500     121         NaN  126.144786  126.142667  126.143149  126.143406  -0.000258   0.000498
       2020-12-31 20:56:00  126.13000  126.13100  126.13100  126.12700      78         NaN  126.144071  126.140000  126.141262  126.141902  -0.000639   0.000257
       2020-12-31 20:58:00  126.13100  126.14000  126.14300  126.12600     200         NaN  126.144500  126.138500  126.141066  126.141672  -0.000605   0.000077
       2020-12-31 21:00:00  126.14000  126.14200  126.16100  126.13700     391  126.140833  126.145429  126.138000  126.141211  126.141711  -0.000500  -0.000043
       2020-12-31 21:02:00  126.14100  126.13200  126.14700  126.12200     344  126.141767  126.144500  126.136167  126.139786  126.140545  -0.000759  -0.000190
       2020-12-31 21:04:00  126.13200  126.13300  126.13800  126.13000     129  126.142367  126.142714  126.134667  126.138737  126.139641  -0.000904  -0.000336
       2020-12-31 21:06:00  126.13300  126.16900  126.17300  126.13300     204  126.143567  126.142786  126.141167  126.143412  126.143151   0.000261  -0.000215
       2020-12-31 21:08:00  126.16900  126.20300  126.20400  126.16900     214  126.145733  126.146214  126.153167  126.152610  126.150293   0.002317   0.000299
       2020-12-31 21:10:00  126.20300  126.19700  126.20300  126.18900      61  126.147467  126.150214  126.162667  126.159459  126.155858   0.003601   0.000967
       2020-12-31 21:12:00  126.19700  126.17700  126.19700  126.17700      44  126.148533  126.152357  126.168500  126.162165  126.158373   0.003792   0.001537
       2020-12-31 21:14:00  126.17700  126.22100  126.22300  126.17600     338  126.151167  126.157500  126.183333  126.171235  126.165813   0.005422   0.002320
       2020-12-31 21:16:00  126.22000  126.22500  126.26300  126.21900     307  126.153900  126.163214  126.198667  126.179521  126.172837   0.006684   0.003198
       2020-12-31 21:18:00  126.22500  126.21500  126.22800  126.21400      51  126.156267  126.168357  126.206333  126.184987  126.177835   0.007152   0.003993
       2020-12-31 21:20:00  126.21500  126.21100  126.21500  126.21100      16  126.158467  126.173286  126.207667  126.188994  126.181763   0.007231   0.004643
       2020-12-31 21:22:00  126.21100  126.19700  126.21100  126.19700      40  126.160333  126.178071  126.207667  126.190227  126.183566   0.006661   0.005048
       2020-12-31 21:24:00  126.19700  126.18700  126.19700  126.18700      29  126.161600  126.182071  126.209333  126.189730  126.183973   0.005758   0.005190
       2020-12-31 21:26:00  126.18700  126.19700  126.19700  126.17300      34  126.163467  126.186143  126.205333  126.190850  126.185512   0.005337   0.005220
       2020-12-31 21:28:00  126.19700  126.18900  126.20500  126.18900      21  126.165067  126.189500  126.199333  126.190565  126.185924   0.004641   0.005104
       2020-12-31 21:30:00  126.18900  126.20300  126.21100  126.18800      89  126.167367  126.194571  126.197333  126.192479  126.187940   0.004539   0.004990
       2020-12-31 21:32:00  126.20300  126.21000  126.22100  126.19900      60  126.170067  126.200071  126.197167  126.195176  126.190544   0.004632   0.004919
       2020-12-31 21:34:00  126.21000  126.20000  126.21000  126.19800      20  126.171900  126.202286  126.197667  126.195918  126.191659   0.004259   0.004787
       2020-12-31 21:36:00  126.20000  126.19700  126.20900  126.19500      38  126.173200  126.201857  126.199333  126.196085  126.192289   0.003795   0.004588
       2020-12-31 21:38:00  126.19700  126.19900  126.20200  126.19700      27  126.174233  126.202000  126.199667  126.196533  126.193081   0.003453   0.004361
       2020-12-31 21:40:00  126.19900  126.20500  126.20700  126.19900      31  126.175900  126.204000  126.202333  126.197836  126.194485   0.003351   0.004159
       2020-12-31 21:42:00  126.20500  126.20700  126.21000  126.20100      58  126.178100  126.203000  126.203000  126.199246  126.195960   0.003286   0.003984
       2020-12-31 21:44:00  126.20700  126.21300  126.21700  126.20700      25  126.180300  126.202143  126.203500  126.201363  126.197968   0.003395   0.003866
       2020-12-31 21:46:00  126.21300  126.20300  126.21300  126.20100      40  126.182100  126.201286  126.204000  126.201615  126.198561   0.003054   0.003704
       2020-12-31 21:48:00  126.20300  126.20300  126.21600  126.20000      52  126.184033  126.200714  126.205000  126.201828  126.199084   0.002744   0.003512
       2020-12-31 21:50:00  126.20100  126.19300  126.20300  126.19300      74  126.185700  126.200429  126.204000  126.200469  126.198367   0.002102   0.003230
       2020-12-31 21:52:00  126.19300  126.19500  126.20200  126.18900      92  126.187467  126.201000  126.202333  126.199628  126.197971   0.001657   0.002915
       2020-12-31 21:54:00  126.19500  126.17800  126.19600  126.17400      61  126.189067  126.199643  126.197500  126.196300  126.195619   0.000681   0.002468
       2020-12-31 21:56:00  126.17700  126.21300  126.23100  126.17100     183  126.191800  126.201357  126.197500  126.198870  126.197666   0.001204   0.002216
       2020-12-31 21:58:00  126.21300  126.20100  126.21400  126.18900      92  126.193833  126.201214  126.197167  126.199197  126.198058   0.001139   0.002000
       2020-12-31 22:00:00  126.20000  126.05300  126.24900  126.02800     656  126.190867  126.190000  126.172167  126.176705  126.180983  -0.004279   0.000744
EURUSD 2020-12-31 20:02:00    1.22099    1.22103    1.22109    1.22098      91         NaN         NaN         NaN  106.952033  111.472704  -4.520671  -0.903570
       2020-12-31 20:04:00    1.22103    1.22113    1.22113    1.22103      43         NaN         NaN         NaN   90.685224   98.496398  -7.811174  -2.285129
       2020-12-31 20:06:00    1.22113    1.22138    1.22139    1.22113      71         NaN         NaN         NaN   76.921186   87.047970 -10.126785  -3.853495
       2020-12-31 20:08:00    1.22138    1.22143    1.22143    1.22135      45         NaN         NaN         NaN   65.274804   76.947377 -11.672573  -5.417339
       2020-12-31 20:10:00    1.22143    1.22149    1.22149    1.22143      22         NaN         NaN         NaN   55.420259   68.035839 -12.615580  -6.857008
       2020-12-31 20:12:00    1.22149    1.22154    1.22155    1.22149      21         NaN         NaN    1.221333   47.081859   60.173301 -13.091442  -8.103909
       2020-12-31 20:14:00    1.22154    1.22144    1.22159    1.22144      32         NaN         NaN    1.221402   40.026312   53.236206 -13.209894  -9.125115
       2020-12-31 20:16:00    1.22144    1.22149    1.22149    1.22142      18         NaN         NaN    1.221462   34.056270   47.115596 -13.059326  -9.911963
       2020-12-31 20:18:00    1.22149    1.22157    1.22159    1.22149      35         NaN         NaN    1.221493   29.004728   41.715340 -12.710612 -10.471696
       2020-12-31 20:20:00    1.22157    1.22149    1.22160    1.22145      35         NaN         NaN    1.221503   24.730348   36.950611 -12.220263 -10.821411
       2020-12-31 20:22:00    1.22149    1.22155    1.22155    1.22143      55         NaN         NaN    1.221513   21.113584   32.746611 -11.633027 -10.983735
       2020-12-31 20:24:00    1.22155    1.22165    1.22170    1.22155      37         NaN         NaN    1.221532   18.053268   29.037340 -10.984071 -10.983802
       2020-12-31 20:26:00    1.22165    1.22165    1.22165    1.22160      17         NaN         NaN    1.221567   15.463776   25.764553 -10.300778 -10.847197
       2020-12-31 20:28:00    1.22165    1.22165    1.22168    1.22161      32         NaN    1.221464    1.221593   13.272670   22.876879  -9.604209 -10.598599
       2020-12-31 20:30:00    1.22165    1.22155    1.22166    1.22155      36         NaN    1.221501    1.221590   11.418645   20.328980  -8.910335 -10.260946
       2020-12-31 20:32:00    1.22155    1.22152    1.22159    1.22152      46         NaN    1.221529    1.221595    9.849852   18.080877  -8.231025  -9.854961
       2020-12-31 20:34:00    1.22152    1.22168    1.22168    1.22152      95         NaN    1.221550    1.221617    8.522437   16.097313  -7.574876  -9.398943
       2020-12-31 20:36:00    1.22169    1.22181    1.22181    1.22169      61         NaN    1.221577    1.221643    7.399261   14.347153  -6.947892  -8.908733
       2020-12-31 20:38:00    1.22181    1.22192    1.22192    1.22181      64         NaN    1.221608    1.221688    6.448899   12.802929  -6.354030  -8.397792
       2020-12-31 20:40:00    1.22192    1.22177    1.22193    1.22175      62         NaN    1.221624    1.221708    5.644724   11.440379  -5.795655  -7.877364
       2020-12-31 20:42:00    1.22177    1.22163    1.22185    1.22163      45         NaN    1.221638    1.221722    4.964247   10.238126  -5.273878  -7.356667
       2020-12-31 20:44:00    1.22163    1.22163    1.22163    1.22161      23         NaN    1.221648    1.221740    4.388459    9.177324  -4.788865  -6.843106
       2020-12-31 20:46:00    1.22163    1.22159    1.22163    1.22158      53         NaN    1.221649    1.221725    3.901248    8.241327  -4.340079  -6.342501
       2020-12-31 20:48:00    1.22159    1.22151    1.22159    1.22151      38         NaN    1.221651    1.221675    3.488981    7.415444  -3.926463  -5.859293
       2020-12-31 20:50:00    1.22151    1.22143    1.22159    1.22132     116         NaN    1.221642    1.221593    3.140126    6.686719  -3.546592  -5.396753
       2020-12-31 20:52:00    1.22142    1.22166    1.22167    1.22140     160         NaN    1.221643    1.221575    2.844978    6.043757  -3.198779  -4.957158
       2020-12-31 20:54:00    1.22166    1.22157    1.22168    1.22153      80         NaN    1.221637    1.221565    2.595222    5.476430  -2.881208  -4.541968
       2020-12-31 20:56:00    1.22157    1.22153    1.22158    1.22152      45         NaN    1.221629    1.221548    2.383885    4.975846  -2.591961  -4.151966
       2020-12-31 20:58:00    1.22153    1.22163    1.22169    1.22152      75         NaN    1.221634    1.221555    2.205076    4.534167  -2.329090  -3.787391
       2020-12-31 21:00:00    1.22162    1.22159    1.22183    1.22158     176    1.221550    1.221639    1.221568    2.053771    4.144447  -2.090676  -3.448048
       2020-12-31 21:02:00    1.22161    1.22157    1.22174    1.22145     290    1.221568    1.221631    1.221592    1.925740    3.800575  -1.874835  -3.133406
       2020-12-31 21:04:00    1.22157    1.22160    1.22164    1.22155      91    1.221584    1.221616    1.221582    1.817411    3.497163  -1.679753  -2.842675
       2020-12-31 21:06:00    1.22160    1.22179    1.22184    1.22160      75    1.221598    1.221607    1.221618    1.725777    3.229470  -1.503693  -2.574879
       2020-12-31 21:08:00    1.22179    1.22195    1.22195    1.22179      58    1.221615    1.221620    1.221688    1.648265    2.993289  -1.345024  -2.328908
       2020-12-31 21:10:00    1.22195    1.22195    1.22195    1.22185      37    1.221630    1.221643    1.221742    1.582678    2.784895  -1.202217  -2.103570
       2020-12-31 21:12:00    1.22195    1.22181    1.22195    1.22181      15    1.221639    1.221656    1.221778    1.527160    2.601001  -1.073842  -1.897624
       2020-12-31 21:14:00    1.22181    1.22232    1.22235    1.22179     243    1.221669    1.221708    1.221903    1.480261    2.438803  -0.958541  -1.709807
       2020-12-31 21:16:00    1.22231    1.22245    1.22282    1.22231     171    1.221701    1.221775    1.222045    1.440598    2.295702  -0.855104  -1.538867
       2020-12-31 21:18:00    1.22245    1.22229    1.22245    1.22228      26    1.221725    1.221836    1.222128    1.407012    2.169418  -0.762405  -1.383574
       2020-12-31 21:20:00    1.22229    1.22227    1.22233    1.22227      10    1.221751    1.221880    1.222182    1.378590    2.057988  -0.679398  -1.242739
       2020-12-31 21:22:00    1.22227    1.22215    1.22227    1.22215      30    1.221771    1.221921    1.222215    1.354523    1.959654  -0.605131  -1.115218
       2020-12-31 21:24:00    1.22215    1.22203    1.22215    1.22201      33    1.221783    1.221957    1.222252    1.334139    1.872874  -0.538735  -0.999921
       2020-12-31 21:26:00    1.22203    1.22219    1.22219    1.22195      28    1.221801    1.221997    1.222230    1.316916    1.796323  -0.479407  -0.895818
       2020-12-31 21:28:00    1.22219    1.22203    1.22219    1.22201      25    1.221814    1.222029    1.222160    1.302318    1.728759  -0.426441  -0.801943
       2020-12-31 21:30:00    1.22203    1.22203    1.22215    1.22197      72    1.221830    1.222061    1.222117    1.289966    1.669144  -0.379177  -0.717390
       2020-12-31 21:32:00    1.22201    1.22203    1.22218    1.22195      76    1.221847    1.222092    1.222077    1.279515    1.616542  -0.337027  -0.641317
       2020-12-31 21:34:00    1.22203    1.22195    1.22203    1.22195      29    1.221856    1.222104    1.222043    1.270658    1.570119  -0.299461  -0.572946
       2020-12-31 21:36:00    1.22197    1.22199    1.22211    1.22196      31    1.221862    1.222106    1.222037    1.263171    1.529163  -0.265992  -0.511555
       2020-12-31 21:38:00    1.22199    1.22195    1.22199    1.22195      20    1.221863    1.222106    1.221997    1.256829    1.493020  -0.236191  -0.456482
       2020-12-31 21:40:00    1.22195    1.22205    1.22206    1.22195      30    1.221872    1.222124    1.222000    1.251479    1.461141  -0.209663  -0.407118
       2020-12-31 21:42:00    1.22205    1.22197    1.22205    1.22195      33    1.221884    1.222099    1.221990    1.246939    1.433003  -0.186065  -0.362908
       2020-12-31 21:44:00    1.22200    1.22199    1.22201    1.22199      10    1.221896    1.222066    1.221983    1.243101    1.408178  -0.165078  -0.323342
       2020-12-31 21:46:00    1.22199    1.22191    1.22199    1.22186      22    1.221906    1.222039    1.221977    1.239840    1.386264  -0.146424  -0.287958
       2020-12-31 21:48:00    1.22189    1.22175    1.22189    1.22174      20    1.221914    1.222001    1.221937    1.237057    1.366910  -0.129852  -0.256337
       2020-12-31 21:50:00    1.22175    1.22173    1.22179    1.22173      66    1.221924    1.221971    1.221900    1.234699    1.349830  -0.115130  -0.228096
       2020-12-31 21:52:00    1.22173    1.22172    1.22178    1.22167      57    1.221926    1.221949    1.221845    1.232702    1.334758  -0.102056  -0.202888
       2020-12-31 21:54:00    1.22172    1.22165    1.22177    1.22160      35    1.221929    1.221911    1.221792    1.231002    1.321451  -0.090449  -0.180400
       2020-12-31 21:56:00    1.22163    1.22179    1.22184    1.22158      99    1.221938    1.221894    1.221758    1.229585    1.309726  -0.080141  -0.160348
       2020-12-31 21:58:00    1.22179    1.22171    1.22179    1.22161      63    1.221940    1.221871    1.221725    1.228373    1.299371  -0.070998  -0.142478
       2020-12-31 22:00:00    1.22171    1.22165    1.22177    1.22161     237    1.221942    1.221844    1.221708    1.227339    1.290228  -0.062889  -0.126560
CADJPY 2020-12-31 20:02:00   81.08300   81.06200   81.08500   81.05900      84         NaN         NaN         NaN   13.509595   10.675145   2.834450   0.465642
       2020-12-31 20:04:00   81.06100   81.08700   81.08800   81.05900      56         NaN         NaN         NaN   23.906118   18.958894   4.947224   1.361958
       2020-12-31 20:06:00   81.08700   81.09100   81.09300   81.07900      62         NaN         NaN         NaN   32.703793   26.268555   6.435237   2.376614
       2020-12-31 20:08:00   81.09100   81.09000   81.09700   81.08900      28         NaN         NaN         NaN   40.147824   32.718138   7.429686   3.387228
       2020-12-31 20:10:00   81.09100   81.08300   81.09200   81.08100      24         NaN         NaN         NaN   46.445544   38.408123   8.037421   4.317267
       2020-12-31 20:12:00   81.08100   81.07900   81.08700   81.07700      24         NaN         NaN   81.082000   51.773768   43.428227   8.345541   5.122922
       2020-12-31 20:14:00   81.07900   81.07900   81.08500   81.07700      11         NaN         NaN   81.084833   56.282265   47.857730   8.424535   5.783244
       2020-12-31 20:16:00   81.07900   81.08100   81.08300   81.07900      16         NaN         NaN   81.083833   60.097455   51.766350   8.331105   6.292816
       2020-12-31 20:18:00   81.08300   81.08000   81.08500   81.07900      33         NaN         NaN   81.082000   63.325539   55.215015   8.110523   6.656358
       2020-12-31 20:20:00   81.08000   81.07500   81.08000   81.06500      13         NaN         NaN   81.079500   66.056225   58.257367   7.798858   6.884858
       2020-12-31 20:22:00   81.07500   81.07700   81.07900   81.07000      25         NaN         NaN   81.078500   68.367114   60.942030   7.425084   6.992903
       2020-12-31 20:24:00   81.07700   81.09700   81.10100   81.07500      39         NaN         NaN   81.081500   70.325558   63.313203   7.012355   6.996794
       2020-12-31 20:26:00   81.09700   81.11100   81.11300   81.09700      30         NaN         NaN   81.086833   71.984857   65.407061   6.577795   6.912994
       2020-12-31 20:28:00   81.10900   81.10300   81.11100   81.09900      43         NaN   81.085357   81.090500   73.387648   67.253643   6.134005   6.757196
       2020-12-31 20:30:00   81.10300   81.11900   81.12900   81.10300      42         NaN   81.089429   81.097000   74.577087   68.884861   5.692225   6.544202
       2020-12-31 20:32:00   81.11900   81.12300   81.12700   81.11900      16         NaN   81.092000   81.105000   75.584150   70.324642   5.259508   6.287263
       2020-12-31 20:34:00   81.12300   81.11300   81.13100   81.10500      47         NaN   81.093571   81.111000   76.434742   71.593861   4.840882   5.997987
       2020-12-31 20:36:00   81.11300   81.11200   81.11700   81.10900      26         NaN   81.095143   81.113500   77.154321   72.713642   4.440679   5.686525
       2020-12-31 20:38:00   81.11200   81.10100   81.11500   81.09100      38         NaN   81.096429   81.111833   77.761502   73.700390   4.061112   5.361443
       2020-12-31 20:40:00   81.10100   81.07100   81.10800   81.07100      50         NaN   81.095857   81.106500   78.270656   74.567521   3.703135   5.029781
       2020-12-31 20:42:00   81.07300   81.07800   81.09500   81.06700      89         NaN   81.095786   81.099667   78.702555   75.333459   3.369095   4.697644
       2020-12-31 20:44:00   81.07700   81.08200   81.09100   81.07700      31         NaN   81.095857   81.092833   79.068623   76.009758   3.058865   4.369888
       2020-12-31 20:46:00   81.08100   81.08900   81.08900   81.07300      72         NaN   81.096500   81.088833   79.379450   76.607316   2.772134   4.050337
       2020-12-31 20:48:00   81.08900   81.07500   81.09500   81.07500      37         NaN   81.096500   81.082667   79.640304   77.132926   2.507378   3.741745
       2020-12-31 20:50:00   81.07500   81.07900   81.09500   81.07500      51         NaN   81.096643   81.079000   79.861642   77.597170   2.264472   3.446291
       2020-12-31 20:52:00   81.07800   81.08900   81.09300   81.07300      85         NaN   81.096071   81.082000   80.050466   78.007974   2.042493   3.165531
       2020-12-31 20:54:00   81.08900   81.09100   81.09400   81.08000      45         NaN   81.094643   81.084167   80.210548   78.370683   1.839866   2.900398
       2020-12-31 20:56:00   81.09200   81.10400   81.11100   81.09200      86         NaN   81.094714   81.087833   80.348003   78.692249   1.655753   2.651469
       2020-12-31 20:58:00   81.10500   81.10300   81.12900   81.09600     103         NaN   81.093571   81.090167   80.464156   78.975867   1.488289   2.418833
       2020-12-31 21:00:00   81.10300   81.15500   81.19100   81.08300     231   81.092633   81.095857   81.103500   80.570440   79.232236   1.338204   2.202707
       2020-12-31 21:02:00   81.15300   81.09800   81.15500   81.08200     168   81.093833   81.094786   81.106667   80.651603   79.451737   1.199865   2.002139
       2020-12-31 21:04:00   81.10100   81.10600   81.12700   81.09600      75   81.094467   81.094357   81.109500   80.721510   79.646356   1.075154   1.816742
       2020-12-31 21:06:00   81.10700   81.14300   81.14700   81.10300      81   81.096200   81.097357   81.118167   80.786355   79.822432   0.963922   1.646178
       2020-12-31 21:08:00   81.14300   81.16400   81.16700   81.14100      44   81.098667   81.104000   81.128167   80.844454   79.980264   0.864190   1.489780
       2020-12-31 21:10:00   81.16400   81.14700   81.16400   81.14600      22   81.100800   81.108929   81.135500   80.890999   80.117527   0.773473   1.346519
       2020-12-31 21:12:00   81.14700   81.13700   81.14700   81.13500      14   81.102733   81.112857   81.132500   80.928846   80.237465   0.691381   1.215491
       2020-12-31 21:14:00   81.13700   81.14000   81.14900   81.12700      61   81.104767   81.116500   81.139500   80.961331   80.343645   0.617686   1.095930
       2020-12-31 21:16:00   81.14200   81.15700   81.18100   81.14200      67   81.107300   81.122357   81.148000   80.991434   80.439334   0.552100   0.987164
       2020-12-31 21:18:00   81.15700   81.15300   81.15900   81.14500      29   81.109733   81.127643   81.149667   81.016290   80.523295   0.492995   0.888330
       2020-12-31 21:20:00   81.15300   81.14900   81.15600   81.14900      14   81.112200   81.131929   81.147167   81.036707   80.596907   0.439800   0.798624
       2020-12-31 21:22:00   81.14900   81.16700   81.16700   81.14900      29   81.115200   81.137357   81.150500   81.056752   80.663977   0.392775   0.717454
       2020-12-31 21:24:00   81.16700   81.14700   81.17100   81.14600      13   81.116867   81.140429   81.152167   81.070636   80.720803   0.349833   0.643930
       2020-12-31 21:26:00   81.14700   81.14300   81.14700   81.13500       8   81.117933   81.143286   81.152667   81.081769   80.770473   0.311296   0.577403
       2020-12-31 21:28:00   81.14300   81.14400   81.14600   81.13400      18   81.119300   81.142500   81.150500   81.091343   80.814418   0.276926   0.517308
       2020-12-31 21:30:00   81.14400   81.14300   81.14600   81.14100      27   81.120100   81.145714   81.148833   81.099290   80.853074   0.246216   0.463089
       2020-12-31 21:32:00   81.14400   81.14300   81.15300   81.13900      37   81.120767   81.148357   81.147833   81.106015   80.887183   0.218832   0.414238
       2020-12-31 21:34:00   81.14300   81.13300   81.14300   81.13000      26   81.121433   81.147643   81.142167   81.110167   80.916103   0.194064   0.370203
       2020-12-31 21:36:00   81.13300   81.14200   81.14200   81.12300      34   81.122433   81.146071   81.141333   81.115064   80.942679   0.172385   0.330639
       2020-12-31 21:38:00   81.14200   81.12900   81.14300   81.12700      26   81.123367   81.144786   81.139000   81.117208   80.964599   0.152609   0.295033
       2020-12-31 21:40:00   81.12900   81.12300   81.13000   81.12300      20   81.125100   81.143786   81.135500   81.118099   80.983235   0.134864   0.263000
       2020-12-31 21:42:00   81.12300   81.11700   81.12700   81.11300      24   81.126400   81.142143   81.131167   81.117930   80.998972   0.118958   0.234191
       2020-12-31 21:44:00   81.11500   81.12700   81.13300   81.11500      31   81.127900   81.140000   81.128500   81.119325   81.014034   0.105292   0.208411
       2020-12-31 21:46:00   81.12700   81.13100   81.13300   81.12700      14   81.129300   81.138429   81.128167   81.121121   81.027795   0.093327   0.185394
       2020-12-31 21:48:00   81.13100   81.12500   81.14100   81.12100      37   81.130967   81.136714   81.125333   81.121718   81.039230   0.082488   0.164813
       2020-12-31 21:50:00   81.12300   81.11700   81.12700   81.11700      45   81.132233   81.133143   81.123333   81.120992   81.048380   0.072612   0.146373
       2020-12-31 21:52:00   81.12300   81.12100   81.12500   81.10900      56   81.133300   81.131286   81.123000   81.120993   81.056923   0.064070   0.129912
       2020-12-31 21:54:00   81.11900   81.10700   81.12100   81.10300      40   81.133833   81.128714   81.121333   81.118841   81.062815   0.056026   0.115135
       2020-12-31 21:56:00   81.10600   81.12800   81.13300   81.10300      71   81.134633   81.127571   81.121500   81.120250   81.070484   0.049766   0.102061
       2020-12-31 21:58:00   81.12700   81.12400   81.13300   81.12100      42   81.135333   81.126214   81.120333   81.120827   81.076780   0.044047   0.090458
       2020-12-31 22:00:00   81.12300   81.16700   81.18400   81.11700     214   81.135733   81.127929   81.127333   81.127930   81.087394   0.040536   0.080474